00001100000000000000000000000000
00001100000000010000000000000001
00001100000000100000000000000010
00001100000000110000000000000011
00001100000001000000000000000100
00001100000001010000000000000101
00001100000001100000000000000110
00001100000001110000000000000111
00001100000010000000000000001000
00001100000010010000000000001001
00001100000010100000000000001010
00001100000010110000000000001011
00001100000011000000000000001100
00001100000011010000000000001101
00001100000011100000000000001110
00001100000011110000000000001111
